2021
-1.86	-8.36	-0.9	-1.5	-1.3	0.9	0.2	0.9	1.2	-0.2	-1.0	0.1	0.2	-0.3
2020
+7.71	+6.35	2.0	1.7	-1.4	2.8	0.7	0.7	1.5	-0.9	-0.1	-0.6	1.2	0.2
2019
+8.83	+6.43	1.1	-0.1	1.9	0.0	1.8	1.2	0.1	2.8	-0.6	0.3	0.0	-0.1
2018
-0.12	-1.99	-1.2	-1.0	0.7	-0.9	0.7	0.0	0.0	0.7	-0.5	-0.9	0.6	1.9
2017
+3.57	+1.41	0.2	0.6	0.0	0.8	0.7	0.1	0.4	0.9	-0.5	0.0	-0.1	0.5
2016
+2.52	+0.46	1.2	0.9	0.9	0.4	0.0	2.0	0.6	-0.3	0.1	-0.9	-2.6	0.3
2015
+0.56	-0.08	2.4	-1.3	0.5	-0.3	-0.5	-1.1	0.9	-0.2	0.8	0.0	-0.4	-0.2
2014
+5.82	+5.13	1.5	0.5	-0.2	0.8	1.1	0.1	-0.3	1.1	-0.6	0.7	0.8	0.1
2013
-2.10	-3.56	-0.7	0.5	0.1	1.0	-1.9	-1.6	0.4	-0.9	1.1	0.9	-0.3	-0.6
2012
+3.16	+1.37	0.6	0.0	-0.5	1.1	0.9	0.1	1.2	0.2	0.2	-0.1	0.3	-0.9
2011
+7.92	+4.72	0.1	0.3	-0.1	1.5	1.2	-0.4	1.6	1.7	0.7	0.1	-0.1	1.2
2010
+6.20	+4.69	1.3	0.3	-0.2	1.1	1.1	1.5	0.9	1.6	0.0	0.3	-0.7	-1.0
2009
+3.64	+0.80	-2.1	-0.6	1.1	0.5	0.7	0.6	1.3	1.0	1.0	0.3	1.3	-1.4
2008
+6.86	+6.88	1.3	0.1	0.4	-0.3	-1.0	0.0	0.0	0.8	-0.5	-2.9	3.9	5.1
2007
+6.92	+2.70	-0.1	1.5	0.0	0.5	-0.8	-0.4	0.8	1.3	0.7	0.9	1.9	0.2
2006
+4.27	+1.70	-0.1	0.4	-1.0	-0.2	-0.1	0.1	1.3	1.6	0.8	0.7	1.1	-0.5
2005
+2.40	-0.91	0.7	-0.6	-0.5	1.4	1.1	0.6	-1.0	1.4	-1.1	-0.8	0.5	1.0
2004
+4.24	+0.87	0.9	1.0	0.8	-2.6	-0.4	0.6	1.0	1.9	0.2	0.8	-0.8	0.9
2003
+3.97	+1.90	0.1	1.4	-0.1	0.9	1.8	-0.1	-3.3	0.6	2.7	-1.0	0.3	0.9
2002
+8.26	+5.64	0.7	0.9	-1.5	1.7	0.8	0.3	0.5	1.7	1.5	-0.6	0.0	2.1
2001
+8.43	+6.72	1.8	0.9	0.5	-0.5	0.7	0.5	2.2	1.1	0.9	1.9	-1.3	-0.6
2000
+11.39	+7.69	-0.2	1.2	1.4	-0.5	-0.2	2.1	0.9	1.4	0.8	0.6	1.6	1.8
1999
-0.76	-3.35	0.8	-1.8	0.6	0.4	-0.8	-0.5	-0.4	-0.1	1.3	0.3	0.0	-0.5
1998
+8.58	+6.86	1.3	-0.1	0.3	0.5	1.0	0.8	0.2	1.9	2.0	-0.6	0.5	0.4
1997
+9.44	+7.62	0.2	0.1	-1.0	1.5	0.9	1.2	2.8	-0.9	1.4	1.4	0.3	1.0
1996
+3.58	+0.20	0.6	-1.8	-0.8	-0.5	-0.2	1.3	0.2	-0.2	1.7	2.2	1.8	-0.9
1995
+18.18	+15.26	1.9	2.2	0.7	1.3	4.0	0.7	-0.3	1.2	1.0	1.5	1.4	1.4
1994
-2.66	-5.12	1.4	-1.8	-2.3	-0.8	0.0	-0.2	1.8	0.1	-1.4	-0.1	-0.2	0.8
1993
+9.68	+6.68	1.8	2.0	0.4	0.7	0.1	1.8	0.6	1.7	0.4	0.3	-1.0	0.5
1992
+7.14	+4.05	-1.4	0.6	-0.5	0.7	1.8	1.3	1.9	1.0	1.3	-1.2	0.0	1.5
1991
+15.25	+11.91	1.1	0.8	0.7	1.0	0.7	-0.1	1.3	2.0	2.0	1.0	0.7	3.0
1990
+8.65	+2.25	-1.9	0.8	0.1	-0.9	2.9	1.6	1.3	-1.2	0.7	1.5	2.2	1.5
1989
+13.64	+8.61	0.9	-0.6	0.3	2.0	2.5	2.9	2.2	-1.6	0.5	2.5	0.7	0.7
1988
+7.35	+2.82	3.1	1.2	-1.1	-0.6	-1.0	2.7	-0.5	0.2	2.2	1.5	-0.9	0.4
1987
+1.54	-2.68	1.3	0.5	-0.6	-3.2	-0.4	1.4	-0.1	-0.8	-2.3	3.5	0.7	1.6
1986
+15.10	+13.75	0.5	3.2	3.6	0.7	-2.1	3.1	1.5	3.2	-1.9	1.5	1.0	-0.1
1985
+22.24	+17.78	2.1	-2.0	1.9	2.4	5.7	0.9	-0.5	1.8	0.9	1.8	2.4	3.1
1984
+15.01	+10.55	1.8	-0.5	-1.0	0.0	-3.2	1.3	4.3	1.4	2.1	4.3	2.2	1.6
1983
+5.22	+1.38	0.0	2.7	-0.9	2.4	-1.7	0.1	-2.2	0.2	3.2	0.2	1.1	0.2
1982
+31.13	+26.30	0.2	1.6	0.2	2.9	1.7	-1.9	4.5	5.1	4.6	5.2	1.7	1.9
1981
+9.41	+0.46	0.3	-2.3	2.5	-2.6	2.8	0.3	-2.2	-1.6	0.8	6.5	8.4	-3.1
1980
+2.88	-8.43	-1.9	-7.5	1.7	10.5	4.6	2.3	-1.6	-5.0	0.2	-2.1	-0.4	3.1
1979
+5.35	-6.98	2.2	-0.6	1.2	0.1	2.0	1.9	-0.3	-0.7	0.3	-5.7	3.8	1.1
1978
+1.15	-7.20	-0.1	0.1	0.2	0.2	-0.1	-0.2	0.9	0.9	0.4	-1.9	1.6	-0.7
1977
+1.04	-5.29	-2.4	-0.1	0.7	0.7	0.7	1.3	-0.8	1.0	-0.1	-0.8	0.9	-0.1
1976
+13.75	+8.30	0.9	0.5	0.9	0.8	-1.2	1.5	1.1	1.9	1.1	1.7	3.7	0.2
1975
+7.36	+0.21	0.7	1.5	-0.9	-1.9	2.8	-0.2	-0.4	0.3	-0.4	3.8	-0.3	2.3
1974
+5.70	-5.71	0.2	0.3	-2.2	-1.6	1.3	-0.4	0.2	0.0	3.1	1.1	2.2	1.5
1973
+4.47	-4.10	-0.3	-0.6	0.2	0.9	0.4	0.1	-3.4	3.1	3.0	0.2	0.7	0.3
1972
+2.72	-0.66	-0.6	0.8	-1.3	1.4	0.9	-0.4	0.6	-0.5	0.6	0.4	0.9	-0.1
