2021
+41.36	+31.99	3.3	10.1	-0.7	7.8	3.9	3.5	1.3	-1.6	5.2	5.8	-8.8	6.7
2020
-7.84	-9.00	-8.6	-6.7	-17.3	-3.1	8.1	4.5	5.1	4.6	-3.5	-3.1	10.2	5.5
2019
+11.84	+9.37	7.1	2.8	-0.4	1.2	-6.0	4.0	-1.1	-4.6	1.4	1.9	-0.1	5.8
2018
-11.62	-13.28	3.0	-2.9	2.3	3.4	2.7	-1.9	-2.4	0.8	3.4	-5.6	-9.8	-4.0
2017
+4.86	+2.67	-0.6	-0.2	-3.2	-2.7	-1.4	-1.0	4.1	0.4	2.0	4.0	0.9	2.8
2016
+18.56	+16.18	-4.3	-0.2	4.2	9.7	0.9	4.4	-7.0	0.8	4.3	-0.3	1.7	4.1
2015
-27.59	-28.05	-5.7	4.4	-6.1	7.1	-3.2	1.6	-12.6	-0.3	-3.4	0.3	-6.6	-5.8
2014
-28.10	-28.56	-3.0	5.0	0.0	1.1	-1.4	2.1	-4.7	-1.1	-7.2	-3.9	-8.5	-9.6
2013
-7.63	-9.01	2.5	-4.7	0.7	-3.8	-1.6	-2.8	3.2	2.8	-3.4	0.0	-0.9	0.6
2012
+3.50	+1.71	3.7	5.4	-1.8	-1.4	-11.2	2.0	5.8	5.7	-0.4	-3.9	2.0	-1.1
2011
-2.58	-5.47	3.6	4.2	2.7	4.6	-5.2	-4.3	4.6	-0.4	-14.6	7.7	-0.3	-2.9
2010
+11.90	+10.31	-7.8	4.1	-0.5	3.9	-10.1	-1.8	6.1	-3.0	8.6	4.4	-0.4	9.9
2009
+16.19	+13.01	-4.4	-5.6	4.7	-0.1	16.3	-2.6	1.9	-4.0	-0.2	6.9	4.5	-0.2
2008
-31.77	-31.75	2.9	11.1	-0.9	6.0	6.9	10.4	-9.8	-6.5	-10.2	-25.1	-12.4	-3.2
2007
+31.59	+26.40	-2.4	5.1	0.7	0.7	-0.2	0.7	1.9	-1.9	9.4	8.5	-0.6	6.7
2006
-3.04	-5.43	1.6	-6.6	-0.5	6.6	0.7	-2.0	4.3	-2.3	-6.6	4.2	6.4	-7.6
2005
+20.50	+16.61	0.8	6.6	3.5	-4.2	-0.4	1.8	2.2	9.6	3.9	-7.8	-0.1	4.1
2004
+16.36	+12.60	2.7	8.8	4.5	-6.2	3.3	-4.3	2.8	0.5	6.8	2.8	-1.4	-3.8
2003
+29.82	+27.23	7.9	7.2	-10.0	-0.9	10.2	-3.3	-4.2	5.8	3.4	4.8	0.2	7.2
2002
+42.63	+39.18	-3.1	4.4	13.5	1.1	-4.4	3.4	3.2	7.4	6.4	-2.8	0.2	8.3
2001
-31.94	-33.01	-5.3	-1.4	-3.9	5.4	-2.9	-7.2	0.2	1.0	-11.0	-5.0	-5.4	-1.3
2000
+49.77	+44.80	7.2	6.3	-1.2	-0.9	11.2	7.1	-7.7	15.4	-1.4	0.2	9.2	-2.1
1999
+40.90	+37.23	0.4	-4.6	16.9	4.1	-5.5	6.4	3.6	7.0	5.3	-5.2	4.1	4.2
1998
-35.75	-36.77	-1.6	-6.6	-0.5	-2.7	-4.7	-3.6	-7.9	-5.9	10.2	-4.7	-12.2	-1.7
1997
-14.06	-15.50	-1.5	-6.9	1.7	2.3	0.7	-5.4	4.1	2.5	2.5	2.8	-9.9	-6.8
1996
+33.91	+29.54	-0.2	4.0	6.5	5.8	-0.8	3.9	-4.7	3.2	3.6	-0.3	8.3	1.0
1995
+20.35	+17.38	-2.5	0.8	1.4	3.1	-0.8	-1.8	2.6	2.1	0.4	1.0	2.7	10.2
1994
+5.31	+2.64	8.1	-2.2	-1.2	2.6	1.5	2.5	1.7	-6.7	-0.9	0.5	-3.3	3.4
1993
-12.33	-14.73	1.2	1.2	2.1	-1.1	-2.8	-3.1	-0.9	0.8	0.3	-3.6	-5.0	-1.9
1992
+4.44	+1.43	2.8	-1.1	1.1	3.0	2.7	-0.6	-1.4	0.1	1.2	-2.2	-1.3	0.2
1991
-6.14	-8.85	-9.4	1.4	3.8	2.3	-0.1	-2.4	5.1	1.5	0.8	2.9	-4.0	-7.1
1990
+29.07	+21.47	-0.4	-0.3	0.7	-1.1	-0.7	-1.6	8.3	16.6	22.9	-6.1	-6.6	-2.0
1989
+38.29	+32.15	0.4	4.3	6.8	3.2	-1.3	3.5	-2.8	3.5	6.0	-0.7	1.6	9.1
1988
+27.93	+22.52	2.7	-1.1	5.0	3.1	3.5	-2.8	0.6	-0.7	-2.7	4.8	5.8	7.3
1987
+23.77	+18.63	5.7	-6.0	8.1	5.0	4.6	3.6	4.5	-2.0	0.7	1.1	0.0	-2.8
1986
+2.06	+0.86	-9.1	-3.5	-0.2	5.6	-3.8	3.8	1.0	8.6	-2.5	1.1	3.0	-0.7
1985
+10.02	+6.00	1.3	-1.3	4.3	-3.2	0.0	-2.9	-2.3	1.5	5.7	7.2	1.7	-1.8
1984
+1.06	-2.87	1.1	0.5	4.9	-1.1	2.9	-2.3	-6.7	4.3	-0.8	0.5	0.4	-2.0
1983
+16.26	+12.02	0.7	-1.1	6.7	1.0	0.5	1.3	3.5	1.8	-2.7	-1.2	0.1	5.0
1982
+11.55	+7.44	8.0	-2.3	3.7	3.6	0.2	-3.0	2.2	-0.2	-2.9	-0.6	4.0	-1.1
1981
-23.01	-29.31	-6.4	-2.9	-0.2	-1.4	0.5	-6.4	4.6	-3.3	-0.1	0.3	-4.5	-5.6
1980
+11.10	-1.12	6.0	-0.9	-14.0	3.7	6.1	5.6	4.8	1.6	5.6	3.1	-1.4	-7.4
1979
+33.80	+18.14	7.2	5.9	-1.8	6.0	-4.7	1.3	-4.2	11.5	4.3	-3.2	6.9	1.6
1978
+31.60	+20.75	3.2	1.6	10.3	2.2	7.6	-9.3	2.7	2.7	5.6	1.0	2.6	-1.2
1977
+10.38	+3.47	-0.3	-0.3	3.6	5.2	-3.4	-2.4	-8.5	1.0	3.7	2.9	4.3	5.1
1976
-11.90	-16.12	-4.8	5.7	0.2	3.9	1.8	-1.7	-8.9	-2.8	-9.9	-1.2	1.4	5.0
1975
-17.22	-22.73	-15.6	-10.4	8.5	-4.6	-1.5	1.7	7.8	9.6	1.1	-8.0	-1.2	-2.6
1974
+39.54	+24.49	11.2	-0.5	-11.5	1.1	-6.8	12.4	23.8	-4.9	12.1	9.0	2.0	-8.3
1973
+75.01	+60.65	3.4	4.3	-2.4	6.0	18.2	-1.7	25.8	2.5	-5.0	-5.3	5.2	10.5
1972
+42.45	+37.76	3.9	-0.3	1.3	2.9	2.3	2.7	-0.9	6.0	7.6	-1.0	3.9	8.0
1971
+21.07	+17.24	5.1	-1.0	1.0	0.6	3.7	-1.0	0.7	-0.5	0.0	4.6	2.6	3.6