2021
+11.46	+4.07	-0.8	2.2	2.5	3.0	3.5	-1.1	0.8	1.4	-3.3	3.2	-4.5	4.4
2020
+7.59	+6.23	-2.8	-7.8	-14.1	5.8	5.4	3.5	1.9	4.7	-2.0	-3.6	14.3	5.0
2019
+22.03	+19.33	6.6	2.5	0.9	2.9	-5.0	5.9	-1.9	-1.9	3.2	3.4	1.1	3.0
2018
-13.81	-15.43	5.0	-4.8	-0.8	1.5	-1.9	-1.6	2.9	-2.2	1.0	-8.1	0.5	-5.4
2017
+25.10	+22.49	3.3	1.2	3.2	2.4	3.5	0.3	2.7	0.0	2.4	1.7	0.7	1.4
2016
+1.37	-0.66	-5.5	-3.3	6.6	2.2	-0.1	-2.4	4.0	0.5	1.3	-2.2	-1.8	2.7
2015
-1.00	-1.62	0.6	6.3	-1.4	3.6	0.2	-3.1	2.0	-7.4	-4.4	6.6	-0.8	-2.3
2014
-6.20	-6.81	-5.2	6.1	-0.5	1.7	1.6	0.9	-2.6	0.2	-3.9	-0.3	0.1	-4.0
2013
+21.40	+19.59	3.7	-1.3	1.3	5.0	-3.0	-2.7	5.3	-2.0	7.8	3.3	0.5	2.2
2012
+18.82	+16.76	5.3	4.8	0.4	-2.1	-11.1	7.1	0.1	3.2	2.7	1.1	2.8	4.4
2011
-12.25	-14.86	2.1	3.5	-2.4	5.6	-2.2	-1.2	-2.4	-8.8	-10.8	9.6	-2.2	-2.2
2010
+8.15	+6.62	-5.1	0.3	6.4	-2.8	-11.2	-2.1	11.6	-3.8	10.0	3.8	-4.8	8.3
2009
+26.95	+23.48	-13.7	-10.4	8.4	11.5	13.2	-1.4	10.0	4.5	3.8	-2.5	3.9	0.7
2008
-41.04	-41.02	-7.8	-1.0	0.4	5.4	1.2	-8.8	-3.3	-4.2	-11.4	-20.8	-6.4	8.9
2007
+9.94	+5.60	1.4	-0.1	2.9	3.7	2.4	-0.3	-2.3	-0.6	5.3	4.2	-3.6	-3.0
2006
+25.81	+22.71	5.8	-0.7	4.0	4.8	-3.8	-0.1	0.8	2.5	0.2	3.7	3.1	3.2
2005
+13.32	+9.66	-1.9	3.8	-2.6	-1.6	-0.9	1.4	3.0	3.8	3.7	-3.2	2.3	5.2
2004
+18.95	+15.10	1.1	2.3	0.1	-3.4	1.1	3.4	-4.3	1.2	2.1	3.5	6.1	4.8
2003
+40.28	+37.49	-4.3	-2.1	-2.3	10.2	6.5	1.9	1.5	3.3	3.0	6.5	2.5	8.7
2002
-15.42	-17.47	-5.8	1.2	5.6	1.5	0.5	-3.3	-9.5	-1.0	-10.4	3.8	5.6	-3.4
2001
-21.94	-23.17	-0.1	-7.5	-6.6	7.7	-4.1	-4.1	-1.8	-2.5	-10.3	2.6	3.0	0.7
2000
-14.29	-17.14	-6.5	2.9	3.8	-5.4	-2.4	3.9	-4.2	0.9	-4.9	-2.4	-3.7	3.4
1999
+37.96	+34.37	0.9	-2.2	4.7	5.3	-4.3	5.0	3.5	1.6	1.6	3.7	5.2	8.2
1998
+16.51	+14.66	4.2	6.2	3.2	0.7	0.1	-0.2	0.2	-12.5	-2.2	9.5	4.9	3.0
1997
-1.39	-3.03	-3.8	1.5	-0.7	0.8	7.6	4.7	0.9	-6.3	4.1	-6.8	-2.3	-0.1
1996
+4.68	+1.26	0.5	0.3	2.0	4.0	-1.3	0.4	-3.2	0.0	2.1	-1.2	3.1	-1.9
1995
+3.98	+1.42	-3.9	-5.2	6.5	3.5	-1.9	-1.8	5.7	-3.4	1.6	-2.6	2.5	3.7
1994
+9.76	+6.98	9.9	0.4	-3.0	3.3	-0.1	2.0	0.5	1.7	-2.9	2.8	-5.4	0.9
1993
+29.92	+26.37	0.0	3.5	10.1	10.0	3.6	-3.0	4.2	4.8	-3.0	1.3	-9.4	6.1
1992
-14.79	-17.25	-2.4	-3.7	-7.2	-0.8	7.1	-4.6	-3.3	7.0	-2.7	-5.3	0.8	0.5
1991
+9.48	+6.31	1.7	11.1	-4.8	1.6	-0.4	-6.6	4.0	-3.1	6.4	2.0	-5.3	4.0
1990
-24.79	-29.21	-3.6	-6.5	-10.4	-2.8	11.7	-0.3	2.3	-10.4	-14.2	17.1	-7.8	1.3
1989
+12.85	+7.85	2.3	0.6	-2.3	1.3	-4.8	-2.4	12.2	-4.0	5.5	-3.7	4.8	3.8
1988
+25.66	+20.35	3.7	6.6	6.1	1.9	-2.4	-3.0	1.7	-5.9	2.9	6.3	6.8	-0.5
1987
+30.48	+25.07	11.7	2.3	11.2	10.5	0.5	-3.1	-0.5	8.4	-1.2	-12.4	0.5	1.8
1986
+63.38	+61.46	2.3	10.4	12.7	7.2	-3.2	7.4	6.1	7.2	-1.9	-7.0	5.6	5.0