2021
+10.14	+2.84	-0.4	3.1	2.3	3.8	2.1	-1.7	1.7	2.8	-4.1	2.5	-5.7	3.7
2020
+11.69	+10.28	-3.8	-8.9	-17.8	9.6	8.1	2.0	2.7	7.4	-0.2	-3.5	12.9	7.1
2019
+24.67	+21.91	8.1	2.0	0.5	3.3	-5.7	4.3	-1.5	-1.7	3.0	4.1	2.4	4.2
2018
-17.63	-19.18	5.2	-3.8	-0.1	0.7	-1.0	-2.3	1.2	-1.2	-0.7	-9.7	0.0	-6.6
2017
+32.73	+29.96	3.8	2.0	2.5	4.2	3.3	0.6	3.4	0.7	2.9	1.7	0.9	2.6
2016
+2.63	+0.57	-6.2	-1.7	8.2	1.2	1.8	-4.6	5.2	0.2	3.1	-2.9	-2.5	2.0
2015
+9.10	+8.41	0.3	7.0	-1.3	4.3	1.7	-1.6	0.9	-4.7	-2.6	4.9	0.7	-0.2
2014
-6.07	-6.68	-2.8	6.4	-1.0	-0.3	1.1	1.7	-3.3	0.2	-5.4	0.1	-1.3	-1.1
2013
+28.61	+26.69	4.2	1.3	2.2	3.6	-4.0	-2.8	7.0	-0.7	8.8	3.0	0.3	3.1
2012
+21.28	+19.19	8.8	5.3	0.8	-0.8	-11.5	4.2	-1.2	4.0	4.2	0.8	1.5	4.8
2011
-15.14	-17.66	0.7	2.3	-0.3	5.9	-2.4	-1.3	-1.7	-8.2	-11.2	7.4	-2.6	-3.4
2010
+21.50	+19.78	-2.2	-0.6	7.4	0.6	-12.5	-0.5	10.4	-4.5	12.0	4.5	-3.4	11.4
2009
+42.85	+38.94	-11.6	-9.3	9.7	13.8	15.9	1.7	8.4	6.4	4.9	-2.5	1.0	1.6
2008
-48.55	-48.54	-10.4	-0.4	1.9	1.9	2.1	-7.8	-6.6	-3.6	-14.7	-23.8	-7.4	8.7
2007
+2.95	-1.12	2.7	1.8	4.3	3.0	1.9	-0.4	-0.3	-4.1	2.1	3.9	-8.1	-3.1
2006
+28.39	+25.23	7.3	0.2	4.8	4.2	-4.8	-1.9	-0.4	2.5	0.9	4.4	4.8	3.7
2005
+23.23	+19.25	2.8	4.7	-0.9	-1.9	-1.5	2.3	3.8	3.9	2.3	-2.3	1.9	6.4
2004
+34.80	+30.44	6.1	3.1	4.2	-3.5	-1.0	4.5	-3.5	1.2	2.7	3.3	8.8	5.2
2003
+66.48	+63.16	0.3	0.5	-0.9	9.5	10.1	5.6	4.1	5.5	5.6	5.7	0.4	6.3
2002
+5.79	+3.23	-1.0	4.0	4.8	3.9	6.3	-1.8	-5.3	-0.3	-6.6	-1.0	2.2	1.2
2001
-4.59	-6.10	2.8	1.0	-5.2	7.5	0.5	-0.9	-2.2	2.2	-11.0	2.8	0.5	-1.5
2000
-3.08	-6.30	-1.6	-2.4	3.9	-6.3	1.5	8.7	-3.7	1.8	-3.2	-5.3	1.3	3.1
1999
+19.04	+15.94	-2.1	-1.3	5.9	10.3	-0.9	6.6	3.3	0.5	-0.6	-1.8	-2.2	0.7
1998
+5.27	+3.61	7.2	10.0	2.0	-1.8	-1.0	-2.9	-3.1	-11.0	-2.6	6.2	4.4	-0.6
1997
-22.72	-24.00	-2.5	0.8	-0.8	-2.3	6.7	1.5	-3.9	-4.6	-1.8	-4.0	-8.4	-5.4
1996
+0.95	-2.35	2.0	1.1	1.4	5.2	0.5	-1.3	-4.1	-0.5	0.0	-1.2	1.1	-2.8
1995
+1.16	-1.34	-0.7	-1.5	4.8	1.1	-1.8	-1.9	3.9	-2.5	-1.5	-3.2	0.9	4.0
1994
-2.86	-5.32	2.6	-1.4	-4.2	-0.4	-0.3	-3.2	2.6	4.7	0.1	1.0	-4.3	0.4
1993
+30.02	+26.47	1.6	0.1	3.5	-2.3	5.4	-0.4	1.8	6.2	2.9	4.4	-1.1	5.1
1992
+6.69	+3.61	3.3	1.6	-2.9	-1.3	1.1	-2.7	-0.2	-2.6	0.5	2.4	5.1	2.7