2021
-4.15	-10.50	-3.2	-6.3	-1.1	3.6	7.7	-7.1	2.5	-0.1	-3.2	1.5	-0.7	3.3
2020
+24.81	+23.24	4.5	-0.6	-0.2	7.3	2.6	2.7	10.8	-0.3	-4.2	-0.5	-5.4	7.0
2019
+17.86	+15.25	2.9	-0.6	-1.6	-0.7	1.8	8.0	0.0	7.9	-3.4	2.6	-3.2	3.7
2018
-1.94	-3.78	3.2	-2.1	0.6	-1.0	-1.2	-3.6	-2.2	-2.1	-0.7	2.1	0.3	4.9
2017
+12.81	+10.46	5.4	3.2	-0.4	1.7	-0.1	-2.2	2.3	4.2	-3.4	-0.7	0.4	2.1
2016
+8.03	+5.86	5.4	10.9	-0.8	5.1	-6.1	9.0	2.0	-3.3	0.7	-2.9	-8.4	-1.9
2015
-10.67	-11.24	8.7	-5.9	-2.2	-0.2	0.6	-1.5	-6.6	3.7	-1.8	2.3	-6.8	-0.5
2014
-2.19	-2.82	3.4	6.3	-3.1	0.5	-3.1	6.3	-3.6	0.4	-6.2	-3.1	-0.5	1.3
2013
-28.33	-29.40	-0.5	-5.1	0.9	-7.6	-6.2	-11.1	7.4	5.2	-4.8	-0.3	-5.5	-3.8
2012
+6.60	+4.76	11.4	-3.0	-1.3	-0.1	-6.3	2.4	0.8	4.9	4.7	-2.9	-0.5	-2.4
2011
+9.57	+6.31	-6.4	6.0	1.6	8.9	-1.8	-2.4	8.4	12.3	-11.1	5.9	1.7	-10.7
2010
+29.27	+27.44	-1.3	3.3	-0.4	5.9	3.1	2.4	-5.1	5.7	4.8	3.7	2.1	2.4
2009
+24.03	+20.63	5.5	1.4	-2.5	-3.3	10.2	-5.2	2.4	0.1	5.8	3.7	12.8	-7.2
2008
+4.92	+4.95	10.8	5.2	-6.0	-4.2	0.9	4.5	-1.4	-9.3	4.1	-16.1	12.6	7.7
2007
+30.45	+25.31	2.6	2.5	-1.1	2.1	-2.3	-1.9	2.4	1.1	10.5	7.0	-1.7	6.6
2006
+22.55	+19.53	9.9	-1.1	3.6	12.0	-1.3	-4.7	3.2	-1.4	-4.5	1.3	6.9	-1.8
2005
+17.76	+13.96	-3.6	3.1	-1.6	1.2	-3.9	4.3	-1.4	1.4	7.6	-0.6	5.8	5.1
2004
+4.65	+1.26	-4.0	-1.0	7.0	-8.3	1.2	0.6	-1.1	4.0	2.1	2.4	6.5	-3.9
2003
+19.89	+17.50	5.8	-5.5	-3.6	0.6	7.3	-4.3	2.5	5.9	3.3	-0.5	3.1	4.5
2002
+25.57	+22.53	2.1	5.2	1.5	2.3	6.0	-2.5	-4.3	2.7	3.5	-2.1	0.7	8.8
2001
+0.75	-0.84	-3.6	0.8	-3.4	2.1	1.7	1.2	-1.7	2.7	7.4	-4.9	-1.2	0.4
2000
-5.44	-8.58	-2.4	3.7	-5.8	-0.6	-1.0	5.8	-4.0	0.1	-1.2	-3.3	1.7	2.0
1999
+0.85	-1.78	-0.8	0.6	-2.6	2.6	-6.3	-2.8	-2.1	-0.3	17.3	0.0	-2.6	-0.4
1998
-0.83	-2.40	5.0	-2.4	1.2	3.2	-5.5	0.9	-2.5	-5.3	7.5	-0.5	0.8	-2.3
1997
-21.41	-22.72	-6.4	3.8	-2.9	-2.3	1.6	-3.2	-2.5	-0.3	2.1	-6.2	-4.7	-2.2
1996
-4.59	-7.71	4.8	-1.2	-1.1	-1.3	-0.2	-2.2	0.9	0.3	-1.9	0.1	-2.2	-0.6
1995
+0.98	-1.51	-2.2	0.4	4.1	-0.6	-1.4	0.7	-1.0	-0.3	0.4	-0.4	1.3	-0.2
1994
-2.17	-4.65	-3.5	1.0	2.0	-3.3	3.0	0.2	-1.1	0.5	2.4	-2.8	-0.2	0.0
1993
+17.68	+14.46	-0.7	-0.9	3.1	4.9	6.5	0.3	6.2	-7.5	-4.3	4.0	0.4	5.6
1992
-5.73	-8.45	0.3	-0.3	-3.2	-1.6	0.3	1.7	4.2	-5.0	2.6	-2.8	-1.5	-0.4
1991
-8.56	-11.20	-5.2	-0.9	-1.9	0.6	0.7	2.2	-1.5	-4.3	2.2	0.7	2.5	-3.6
1990
-3.11	-8.81	4.1	-1.8	-9.6	-0.2	-1.3	-3.0	5.7	4.1	5.3	-7.1	1.4	0.4
1989
-2.84	-7.15	-4.0	-1.8	-1.0	-1.5	-4.2	3.1	-1.3	-2.3	1.9	2.4	8.8	-2.3
1988
-15.26	-18.84	-5.4	-7.0	7.2	-1.7	1.4	-4.2	0.1	-2.1	-7.3	4.0	2.5	-2.9
1987
+24.53	+19.36	3.0	1.3	3.7	7.7	-0.5	-0.8	3.4	-2.0	1.3	2.0	5.1	-1.7
1986
+18.96	+17.56	7.3	-3.5	1.7	0.5	-0.7	1.0	3.1	7.6	10.0	-5.2	-2.9	-0.2
1985
+6.00	+2.13	-0.5	-6.2	14.4	-2.4	-2.3	1.2	3.1	1.8	-2.3	-0.2	0.1	0.5
1984
-19.38	-22.51	-2.3	5.5	-1.5	-3.3	2.2	-2.9	-8.2	1.7	-1.3	-3.0	-1.3	-6.3
1983
-16.31	-19.36	9.3	-18.2	1.5	3.5	1.9	-4.9	1.4	-1.8	-2.2	-5.7	6.0	-5.6
1982
+14.94	+10.71	-2.6	-6.3	-11.7	12.9	-10.0	-2.4	8.0	20.0	-3.5	6.6	3.0	4.8
1981
-32.60	-38.11	-14.1	-3.5	5.1	-6.0	-0.7	-11.1	-4.7	4.7	0.9	-0.4	-2.9	-4.1
1980
+15.19	+2.52	27.5	-2.5	-22.4	4.8	3.4	22.0	-6.0	2.8	5.6	-5.7	-1.5	-4.8
1979
+126.55	+100.03	3.4	7.5	-4.5	2.2	11.9	1.1	6.8	6.3	26.1	-3.8	8.8	23.2
1978
+37.01	+25.71	6.5	3.7	-0.4	-5.9	7.8	-0.6	9.4	4.2	4.0	11.7	-20.3	16.9
1977
+22.64	+14.96	-1.6	7.9	4.3	-1.1	-2.9	0.0	0.8	1.3	5.5	4.8	-0.9	3.1
1976
-4.10	-8.70	-8.6	3.2	-2.0	-0.9	-2.3	-1.4	-9.1	-7.6	11.5	6.2	5.8	3.3
1975
-24.80	-29.80	-5.7	3.4	-2.5	-5.8	0.0	-0.4	0.3	-4.1	-11.6	1.2	-3.3	1.5
1974
+66.15	+48.22	18.0	22.6	6.5	-2.2	-7.4	-8.0	8.1	0.0	-3.0	10.4	10.2	1.4
1973
+72.96	+58.76	1.7	28.8	5.9	0.8	26.5	7.4	-6.2	-10.5	-3.4	-2.0	3.1	11.1
1972
+49.02	+44.12	8.3	2.2	0.4	2.5	19.9	8.7	5.6	-2.1	-4.0	0.3	-1.2	2.0