2021
+30.53	+21.88	6.2	10.8	5.6	1.7	3.9	-0.7	-4.4	1.8	-1.5	2.9	-2.6	4.1
2020
+2.63	+1.34	-6.3	-10.1	-25.8	13.9	2.5	3.6	2.6	5.1	-5.2	3.7	19.2	7.5
2019
+24.12	+21.38	12.3	4.1	-3.9	4.3	-10.0	7.7	1.3	-5.1	5.6	2.0	2.7	2.8
2018
-12.84	-14.48	1.3	-4.0	1.4	1.8	5.9	0.8	2.6	3.1	-3.1	-9.9	0.6	-12.4
2017
+11.35	+9.03	-1.2	1.4	-0.7	0.5	-2.3	3.0	0.8	-2.7	8.6	0.6	3.8	-0.4
2016
+31.25	+28.61	-5.9	2.1	9.4	2.1	0.4	0.8	5.1	1.1	0.9	-3.7	13.3	3.2
2015
-6.90	-7.49	-5.3	5.9	1.0	-1.8	0.8	0.4	-2.7	-4.6	-3.8	6.6	2.5	-5.1
2014
+7.56	+6.86	-3.5	4.6	1.3	-2.3	0.6	3.8	-5.1	4.5	-5.9	7.1	0.5	2.6
2013
+39.34	+37.27	5.4	1.6	4.1	0.1	4.3	-0.1	6.6	-3.4	6.6	3.5	4.3	1.3
2012
+18.24	+16.20	7.9	1.7	2.9	-1.9	-7.2	4.5	-0.7	4.1	3.1	-2.0	1.7	3.6
2011
-1.65	-4.57	-0.2	4.2	2.2	1.1	-1.8	-1.6	-2.8	-8.0	-10.6	15.3	0.6	2.0
2010
+24.69	+22.92	-2.5	4.8	7.8	6.6	-8.5	-8.3	6.7	-7.9	10.9	4.0	2.5	9.0
2009
+22.36	+19.01	-13.9	-13.0	7.6	18.9	0.7	1.5	11.0	3.5	4.2	-6.1	2.9	8.1
2008
-29.39	-29.37	-4.0	-3.4	0.8	2.6	3.9	-8.4	2.9	4.8	-4.8	-19.9	-11.8	6.6
2007
-5.56	-9.29	2.1	-0.9	0.9	1.8	4.6	-2.2	-6.3	1.3	0.3	1.1	-7.1	-0.7
2006
+19.37	+16.43	8.8	0.3	4.9	0.2	-4.6	0.0	-3.1	2.7	1.2	5.5	2.4	0.3
2005
+6.00	+2.57	-3.3	2.9	-2.4	-5.1	6.2	3.9	5.8	-1.9	0.0	-3.4	4.9	-1.1
2004
+22.60	+18.64	2.2	2.5	1.8	-3.9	1.6	5.4	-4.7	0.2	4.7	1.0	9.1	1.6
2003
+39.76	+36.97	-4.1	-4.1	-0.1	8.8	9.4	2.9	4.9	5.0	-3.5	9.1	4.3	2.7
2002
-14.04	-16.12	2.1	-0.4	8.7	4.0	-3.6	-4.6	-15.8	-0.4	-7.9	2.6	5.5	-2.7
2001
+11.68	+9.91	7.9	-4.2	-4.9	6.8	2.9	2.0	-0.2	-1.0	-14.5	4.5	7.6	6.8
2000
+21.88	+17.83	-5.2	4.6	3.9	0.7	-1.5	2.9	2.0	5.9	-0.2	0.6	-6.5	14.3
1999
+3.35	+0.66	-1.1	-8.1	-0.4	8.8	4.0	6.2	-1.6	-4.2	-1.8	-2.4	2.3	2.8
1998
-2.68	-4.21	-1.6	7.7	5.0	0.9	-4.3	-0.3	-7.5	-17.4	5.4	4.0	4.4	3.9
1997
+35.44	+33.18	2.6	0.5	-2.5	1.3	8.4	5.6	5.6	2.2	7.2	-3.1	0.7	2.9
1996
+21.41	+17.44	0.3	2.4	2.5	3.1	3.4	-1.5	-6.0	5.0	2.9	0.5	5.2	2.2
1995
+30.32	+27.10	0.1	4.4	1.7	2.8	2.2	3.7	4.8	2.9	1.6	-4.0	4.4	2.6
1994
-0.07	-2.60	3.5	-0.6	-4.6	0.9	-0.4	-1.6	2.1	4.1	-0.7	-0.9	-3.8	2.3
1993
+21.10	+17.79	4.4	1.3	3.5	-2.3	2.7	1.0	1.4	3.9	1.5	1.3	-2.7	3.7
1992
+28.23	+24.54	7.0	4.6	-1.0	-0.5	1.9	-2.1	3.9	-1.9	2.0	2.0	5.7	4.0
1991
+42.96	+38.82	7.5	9.3	5.2	2.1	3.9	-3.8	4.1	3.8	-0.5	2.2	-4.7	8.2
1990
-19.05	-23.81	-7.7	2.2	2.4	-4.3	5.5	-0.9	-4.0	-10.7	-7.7	-4.4	6.9	3.8
1989
+19.21	+13.92	4.7	0.8	2.9	4.4	3.8	-0.3	3.8	3.2	-0.3	-5.6	0.8	0.1
1988
+29.00	+23.54	5.7	7.4	2.5	1.9	-0.7	6.3	-0.1	-1.2	2.7	0.5	-2.1	3.3
1987
-3.51	-7.51	10.0	5.2	2.6	-3.1	0.2	3.9	4.3	3.4	-1.5	-25.9	-3.4	5.9
1986
+13.99	+12.65	1.8	7.1	5.6	0.6	4.6	1.7	-7.2	4.9	-4.5	2.3	-0.2	-2.6
1985
+37.46	+32.44	9.4	2.2	0.2	0.8	3.9	3.1	2.0	0.2	-4.0	4.1	7.1	3.9
1984
+5.69	+1.58	0.5	-4.4	2.0	-0.1	-4.6	1.8	-2.9	10.1	1.8	0.0	0.2	1.8
1983
+42.61	+37.40	4.7	6.4	6.1	7.8	4.8	3.1	0.9	-1.5	3.5	-3.0	4.1	-0.1
1982
+36.87	+31.83	-2.4	-1.9	0.4	5.2	-1.8	-1.7	-1.1	9.5	4.9	13.0	8.5	0.6
1981
+15.69	+6.22	1.4	2.5	7.1	3.7	2.0	1.0	-1.9	-5.1	-5.4	6.8	5.0	-1.4
1980
+25.77	+11.94	7.0	-3.2	-15.8	7.2	8.4	4.2	8.0	3.4	1.8	2.1	3.7	-1.1
1979
+37.80	+21.68	9.0	-2.3	8.9	2.9	-0.4	6.3	3.9	7.2	-1.4	-11.3	7.0	4.7
1978
+19.25	+9.41	-2.1	1.9	6.8	7.0	4.9	1.2	5.2	8.2	-0.8	-17.9	4.5	1.7
1977
+15.88	+8.62	1.8	-0.9	0.0	2.3	0.3	6.1	-0.4	-1.1	0.5	-1.9	7.2	1.3
1976
+54.78	+47.36	20.0	8.6	2.2	-0.9	-2.2	5.1	0.9	-1.2	2.4	-1.7	4.2	9.0
1975
+53.94	+43.70	25.8	3.5	6.0	3.7	6.2	6.6	-4.0	-4.4	-3.9	3.9	3.8	0.1
1974
-21.09	-29.60	9.1	1.6	-1.8	-4.7	-7.2	-2.6	-2.6	-7.0	-6.8	9.3	-3.6	-5.2
1973
-24.12	-30.34	-5.1	-5.8	-1.7	-4.8	-5.4	-2.6	6.7	-3.0	10.0	0.7	-15.2	1.1
1972
+11.15	+7.49	6.6	1.9	0.3	1.1	-1.0	-3.1	-2.1	3.7	-2.3	0.6	7.2	-1.6