2021
+14.54	+6.95	4.8	6.2	1.4	1.8	0.3	1.9	-3.6	2.2	-2.9	4.3	-4.3	2.3
2020
+20.03	+18.51	-3.1	-8.8	-21.5	13.8	6.6	3.4	2.9	5.5	-3.3	2.2	18.2	8.6
2019
+25.39	+22.62	11.3	5.2	-2.1	3.4	-7.9	7.0	0.7	-4.9	2.0	2.7	4.1	2.8
2018
-11.11	-12.78	2.6	-3.8	1.2	1.0	6.2	0.6	1.6	4.3	-2.3	-11.0	1.7	-12.0
2017
+14.59	+12.20	0.3	1.9	0.0	1.1	-2.0	3.4	0.9	-1.3	6.3	0.7	2.9	-0.4
2016
+21.60	+19.16	-8.6	-0.2	8.0	1.7	2.2	0.0	5.9	1.8	1.1	-4.6	11.1	2.9
2015
-4.47	-5.07	-3.3	5.9	1.8	-2.6	2.2	0.8	-1.1	-6.3	-4.9	5.6	3.3	-5.0
2014
+5.03	+4.35	-2.8	4.8	-0.7	-3.7	0.8	5.3	-6.1	4.8	-5.9	6.6	0.1	2.9
2013
+38.69	+36.62	6.2	1.0	4.7	-0.3	3.9	-0.8	7.3	-3.2	6.5	2.4	4.0	2.0
2012
+16.70	+14.68	7.1	2.6	2.5	-1.6	-6.6	5.1	-1.5	3.5	3.3	-2.2	0.6	3.6
2011
-4.44	-7.27	-0.4	5.5	2.5	2.6	-1.8	-2.4	-3.4	-8.9	-11.2	15.1	-0.4	0.5
2010
+26.93	+25.13	-3.7	4.5	8.2	5.7	-7.5	-7.7	6.7	-7.4	12.4	4.1	3.5	8.0
2009
+28.51	+24.99	-9.7	-12.0	7.8	15.4	3.4	1.8	9.2	2.9	5.6	-6.5	3.1	7.9
2008
-34.13	-34.11	-6.5	-2.9	-0.7	4.6	4.6	-7.5	3.7	3.6	-7.7	-21.0	-11.9	4.8
2007
-1.78	-5.66	1.7	-0.7	1.0	1.6	4.4	-1.4	-7.0	2.1	1.9	2.8	-6.9	-0.6
2006
+18.27	+15.36	8.4	0.3	4.9	0.3	-5.7	0.0	-2.9	3.0	0.6	5.9	2.4	0.4
2005
+4.46	+1.08	-4.1	1.6	-2.8	-5.7	6.5	4.1	6.6	-2.0	0.1	-3.9	5.8	-0.7
2004
+18.05	+14.23	4.3	1.0	1.0	-5.5	2.2	4.2	-6.8	-1.5	5.3	2.1	9.2	2.4
2003
+47.90	+44.95	-2.1	-3.0	0.2	10.3	10.9	1.2	6.5	4.8	-1.9	8.7	3.7	1.8
2002
-20.37	-22.30	-0.2	-3.1	7.5	1.2	-4.7	-5.8	-13.3	-0.6	-8.0	4.1	8.5	-5.7
2001
+1.78	+0.17	5.4	-6.7	-4.6	8.3	2.2	3.1	-5.6	-2.4	-14.6	6.5	7.6	5.5
2000
-2.68	-5.91	-1.7	16.5	-6.7	-6.0	-5.8	9.3	-3.4	7.6	-3.0	-4.3	-10.3	8.6
1999
+23.14	+19.93	1.2	-8.1	1.5	8.9	1.7	5.8	-2.2	-3.8	-0.1	0.4	6.0	11.5
1998
-2.61	-4.15	-1.6	7.5	4.2	0.5	-5.4	-0.2	-8.0	-19.3	7.5	4.2	5.3	6.2
1997
+24.61	+22.53	2.3	-2.5	-4.7	0.4	11.1	5.2	5.4	2.2	7.3	-4.4	-0.5	1.7
1996
+18.10	+14.24	0.2	3.4	1.9	5.6	3.9	-3.8	-8.4	5.9	3.8	-1.5	4.4	2.4
1995
+28.74	+25.57	-1.0	3.6	2.2	2.2	1.9	5.0	5.8	2.2	1.7	-4.3	3.9	2.8
1994
-0.50	-3.02	3.6	-0.4	-5.1	0.7	-0.8	-3.3	1.8	5.5	-0.3	-0.4	-3.9	2.6
1993
+18.72	+15.47	3.8	-1.9	3.1	-2.8	4.3	0.3	0.9	4.2	2.8	2.7	-2.9	3.3
1992
+18.20	+14.80	8.0	3.5	-3.4	-3.0	1.2	-4.8	3.6	-2.4	1.7	3.2	7.0	3.4
1991
+45.26	+41.06	8.6	11.4	6.9	-0.4	4.4	-5.5	3.8	4.1	0.4	2.7	-4.9	8.1
1990
-18.12	-22.94	-8.3	2.0	4.8	-3.4	7.1	0.3	-4.3	-12.9	-8.9	-6.0	7.8	4.5
1989
+10.56	+5.66	4.9	-1.8	2.9	4.3	3.9	-3.2	3.2	4.2	-1.2	-6.7	0.5	-0.2
1988
+24.62	+19.36	3.8	9.0	5.0	3.3	-2.5	4.9	-1.2	-2.2	2.1	-0.8	-4.8	6.5
1987
-6.98	-10.84	12.7	8.0	0.4	-1.7	3.0	0.9	3.6	5.0	-0.9	-32.1	-9.0	12.0
1986
+0.21	-0.97	4.2	8.2	1.6	2.1	5.1	-0.4	-11.5	0.0	-9.9	3.9	0.5	-1.8
1985
+23.06	+18.57	14.7	3.2	-5.0	-0.7	4.4	0.2	0.2	-0.9	-8.6	4.0	6.1	5.2