2021
+28.74	+20.21	-1.0	2.8	4.5	5.3	0.7	2.2	2.4	3.0	-4.7	7.0	-0.8	4.6
2020
+18.37	+16.88	0.0	-7.9	-12.5	12.7	4.8	1.8	5.9	7.0	-3.7	-2.5	10.9	3.7
2019
+31.22	+28.32	8.0	3.2	1.8	4.1	-6.4	7.0	1.5	-1.7	1.9	2.2	3.6	2.9
2018
-4.56	-6.35	5.6	-3.6	-2.7	0.5	2.4	0.6	3.7	3.2	0.6	-6.9	1.9	-8.8
2017
+21.70	+19.16	1.8	3.9	0.1	1.0	1.4	0.6	2.1	0.3	2.0	2.4	3.1	1.2
2016
+12.00	+9.75	-5.0	-0.1	6.7	0.4	1.7	0.3	3.6	0.1	0.0	-1.7	3.7	2.0
2015
+1.25	+0.61	-3.0	5.6	-1.6	1.0	1.3	-2.0	2.3	-6.1	-2.5	8.5	0.4	-1.7
2014
+13.46	+12.73	-3.5	4.6	0.8	0.7	2.3	2.1	-1.3	3.9	-1.4	2.4	2.7	-0.3
2013
+32.31	+30.33	5.1	1.3	3.8	1.9	2.4	-1.3	5.2	-3.0	3.2	4.6	3.0	2.6
2012
+15.99	+13.99	4.6	4.3	3.2	-0.7	-6.0	4.1	1.2	2.5	2.5	-1.8	0.6	0.9
2011
+1.89	-1.14	2.3	3.5	0.0	2.9	-1.1	-1.7	-2.0	-5.5	-6.9	10.9	-0.4	1.0
2010
+15.06	+13.43	-3.6	3.1	6.1	1.5	-7.9	-5.2	6.8	-4.5	9.0	3.8	0.0	6.7
2009
+26.36	+22.91	-8.2	-10.7	8.3	9.9	5.8	-0.1	7.5	3.7	3.5	-1.9	6.2	1.9
2008
-36.81	-36.79	-6.0	-2.6	-0.9	4.8	1.5	-8.4	-0.9	1.5	-9.4	-16.5	-7.0	1.0
2007
+5.14	+0.99	1.5	-2.0	1.2	4.4	3.4	-1.5	-3.1	1.3	3.9	1.4	-3.9	-1.1
2006
+15.85	+13.00	2.4	0.6	1.7	1.3	-3.0	0.3	0.4	2.2	2.7	3.2	2.0	1.3
2005
+4.83	+1.44	-2.2	2.1	-1.8	-1.9	3.2	0.2	3.8	-0.9	0.8	-2.4	4.4	-0.2
2004
+10.70	+7.12	2.0	1.4	-1.3	-1.9	1.7	1.8	-3.2	0.2	1.0	1.3	4.5	3.0
2003
+28.18	+25.62	-2.5	-1.3	0.2	8.5	5.5	1.1	1.8	2.1	-1.1	5.4	1.1	5.0
2002
-21.59	-23.49	-1.0	-1.8	3.3	-5.8	-0.6	-7.4	-7.9	0.7	-10.5	8.2	6.2	-5.7
2001
-11.75	-13.15	4.4	-9.5	-5.6	8.5	-0.6	-2.4	-1.0	-5.9	-8.2	1.3	7.8	0.6
2000
-9.73	-12.73	-5.0	-1.5	9.7	-3.5	-1.6	2.0	-1.6	6.5	-5.5	-0.5	-7.5	-0.5
1999
+20.39	+17.25	3.5	-3.2	4.2	3.8	-2.3	5.5	-3.1	-0.5	-2.2	6.4	1.7	5.7
1998
+28.69	+26.65	1.3	6.9	4.9	1.3	-2.1	4.3	-1.4	-14.1	6.4	8.1	5.6	6.5
1997
+33.48	+31.25	6.2	1.0	-4.4	6.3	6.3	4.1	7.9	-5.2	4.8	-2.5	3.9	1.9
1996
+22.49	+18.49	3.6	0.3	1.7	1.1	2.3	0.9	-4.5	1.9	5.6	3.2	7.3	-2.4
1995
+38.05	+34.64	3.4	4.1	2.8	3.0	4.0	2.0	3.2	0.4	4.2	-0.3	4.4	1.6
1994
+0.40	-2.14	3.5	-2.9	-4.2	1.1	1.6	-2.3	3.2	3.8	-2.5	2.8	-4.0	0.7
1993
+9.89	+6.89	0.8	1.4	2.1	-2.4	2.7	0.3	-0.4	3.8	-0.8	2.1	-1.0	1.2
1992
+7.42	+4.33	-1.9	1.2	-1.9	2.9	0.5	-1.5	4.0	-2.1	1.2	0.3	3.4	1.2
1991
+30.22	+26.45	4.4	7.1	2.4	0.2	4.3	-4.6	4.6	2.3	-1.7	1.3	-4.0	11.4
1990
-3.32	-9.02	-6.7	1.3	2.6	-2.5	9.7	-0.7	-0.4	-9.0	-4.9	-0.4	6.4	2.7
1989
+31.36	+25.54	7.3	-2.5	2.3	5.2	4.0	-0.6	9.0	1.9	-0.4	-2.3	2.0	2.4
1988
+16.22	+11.31	4.2	4.6	-3.0	1.0	0.8	4.6	-0.4	-3.4	4.3	2.7	-1.5	1.7
1987
+4.71	+0.36	13.3	4.0	2.9	-1.0	1.0	5.0	4.9	3.8	-2.3	-21.7	-8.2	7.6
1986
+18.06	+16.68	0.4	7.6	5.5	-1.3	5.5	1.7	-5.7	7.5	-8.3	5.6	2.6	-2.6
1985
+31.23	+26.43	7.6	1.4	0.0	-0.3	6.0	1.4	-0.2	-0.7	-3.1	4.4	6.9	4.7
1984
+6.21	+2.08	-0.5	-3.3	1.6	0.7	-5.4	2.2	-1.5	11.2	0.0	0.3	-1.0	2.6
1983
+21.29	+16.87	3.4	2.5	3.5	7.6	-0.9	3.7	-3.2	1.8	1.3	-1.4	2.3	-0.6
1982
+20.97	+16.51	-1.5	-5.1	-0.7	4.1	-2.8	-1.6	-2.2	12.4	1.0	11.1	4.2	1.7
1981
-5.21	-12.96	-4.4	2.1	3.7	-2.2	0.6	-0.9	0.0	-5.4	-5.0	5.2	4.4	-2.8
1980
+31.92	+17.41	5.9	0.4	-9.8	4.3	5.5	2.8	6.6	1.3	2.7	2.0	11.0	-3.1
1979
+18.05	+4.23	4.1	-2.9	5.7	0.4	-1.7	4.0	1.1	6.1	0.2	-6.5	5.1	1.8
1978
+5.87	-2.86	-6.0	-1.7	2.6	8.5	1.3	-1.6	5.7	3.4	-0.6	-8.9	2.6	1.7
1977
-7.84	-13.61	-5.0	-1.4	-1.3	0.0	-1.5	4.5	-1.5	-1.4	0.0	-4.2	3.5	0.5
1976
+24.18	+18.23	12.2	-0.8	2.7	-1.0	-1.0	5.0	-0.7	0.2	2.5	-2.1	0.3	5.4
1975
+36.95	+27.83	12.3	6.5	2.6	5.2	5.7	5.0	-6.7	-2.0	-3.6	6.5	3.2	-1.3
1974
-26.93	-34.81	-1.1	-0.3	-2.3	-4.0	-2.4	-1.9	-8.0	-8.7	-11.5	18.3	-4.0	-2.2
1973
-16.18	-23.06	-2.0	-3.7	-0.4	-4.6	-1.4	-0.8	4.6	-3.1	4.5	-0.2	-10.9	1.5
1972
+18.95	+15.04	2.2	3.0	0.8	0.7	1.9	-1.9	0.0	3.9	-0.4	1.2	4.9	1.4