2021
-0.72	-7.29	0.0	-0.1	-0.1	0.1	0.1	-0.2	0.2	0.0	-0.1	-0.3	-0.1	-0.2
2020
+3.03	+1.73	0.6	0.9	1.2	0.3	-0.1	0.0	0.1	0.0	0.0	0.0	0.0	0.0
2019
+3.38	+1.09	0.3	0.1	0.6	0.2	0.7	0.5	-0.1	0.8	-0.1	0.3	0.0	0.2
2018
+1.46	-0.44	-0.3	-0.1	0.2	-0.2	0.4	0.0	-0.1	0.3	-0.1	0.2	0.4	0.8
2017
+0.26	-1.83	0.1	0.0	0.1	0.2	0.1	-0.1	0.2	0.2	-0.2	-0.1	-0.2	0.0
2016
+0.82	-1.20	0.7	0.1	0.1	0.0	-0.1	0.6	0.0	-0.2	0.1	0.0	-0.5	0.1
2015
+0.43	-0.21	0.6	-0.3	0.2	0.0	0.0	0.0	0.0	0.0	0.3	-0.1	-0.3	-0.1
2014
+0.45	-0.20	0.2	0.0	-0.1	0.1	0.2	-0.1	-0.1	0.2	-0.1	0.3	0.1	-0.3
2013
+0.21	-1.28	0.0	0.1	0.0	0.1	-0.1	-0.1	0.2	-0.1	0.2	0.1	0.1	-0.2
2012
+0.28	-1.46	0.1	-0.1	-0.1	0.2	0.1	-0.1	0.2	0.0	0.0	-0.1	0.1	0.0
2011
+1.44	-1.57	0.1	-0.1	-0.1	0.5	0.4	0.0	0.3	0.3	-0.1	0.0	0.0	0.1
2010
+2.28	+0.83	0.8	0.2	-0.3	0.3	0.5	0.4	0.2	0.2	0.1	0.2	-0.2	-0.2
2009
+0.35	-2.39	-0.4	-0.1	0.5	-0.2	0.1	-0.1	0.1	0.4	0.2	0.1	0.6	-0.8
2008
+6.62	+6.64	1.7	1.0	0.3	-0.8	-0.3	0.2	0.4	0.5	0.8	1.1	1.1	0.6
2007
+7.35	+3.11	0.2	0.7	0.5	0.3	-0.1	0.5	0.9	1.0	0.6	0.5	1.8	0.3
2006
+3.89	+1.33	0.2	0.0	0.2	0.2	0.2	0.2	0.7	0.8	0.4	0.4	0.5	0.1
2005
+1.53	-1.75	0.0	-0.3	0.0	0.5	0.4	0.2	-0.4	0.7	-0.3	-0.1	0.4	0.3
2004
+0.66	-2.59	0.1	0.5	0.3	-1.1	0.0	0.0	0.3	0.7	-0.1	0.3	-0.6	0.2
2003
+2.22	+0.18	-0.1	0.4	0.2	0.2	0.4	0.2	-0.5	0.0	1.0	-0.4	-0.1	1.1
2002
+8.02	+5.41	0.4	0.7	-0.8	1.5	0.6	0.9	1.5	0.9	1.2	0.0	-0.7	1.5
2001
+7.80	+6.10	1.3	0.8	0.8	0.1	0.4	0.3	1.4	0.8	1.7	1.1	-0.8	-0.3
2000
+8.83	+5.22	-0.2	0.8	0.7	0.2	0.3	1.3	0.6	0.9	0.8	0.6	1.2	1.4
1999
+1.85	-0.80	0.4	-0.9	0.7	0.3	-0.3	0.1	0.1	0.1	0.8	0.3	0.2	0.0
1998
+7.36	+5.66	1.1	-0.1	0.4	0.5	0.6	0.5	0.4	1.6	1.8	0.2	-0.2	0.3
1997
+6.51	+4.73	0.4	0.2	-0.2	0.9	0.7	0.7	1.2	0.0	0.8	0.8	0.2	0.7
1996
+4.39	+0.98	0.9	-0.7	-0.2	-0.2	0.1	0.9	0.3	0.3	1.0	1.3	0.9	-0.1
1995
+12.11	+9.34	1.6	1.6	0.5	1.0	2.0	0.6	0.2	0.6	0.6	0.9	1.0	0.8
1994
-0.48	-3.00	0.7	-0.9	-0.9	-0.5	0.1	0.2	0.9	0.2	-0.4	0.3	-0.5	0.2
1993
+6.31	+3.40	1.4	1.3	0.2	0.9	-0.5	0.9	0.0	1.1	0.4	0.1	-0.1	0.5
1992
+6.75	+3.67	-0.5	0.2	-0.2	1.0	1.2	1.2	1.5	1.2	1.1	-1.1	-0.1	1.1
1991
+11.49	+8.27	0.8	0.6	0.6	1.0	0.8	0.2	0.7	1.4	1.2	1.0	0.8	1.8
1990
+9.92	+3.45	-0.1	0.4	0.3	0.1	1.6	1.2	1.3	0.4	0.8	1.1	1.1	1.3
1989
+11.48	+6.54	0.8	0.0	0.5	1.7	1.5	2.1	1.7	-1.0	0.6	1.8	0.8	0.4
1988
+5.67	+1.21	1.7	0.8	0.1	0.0	-0.2	1.0	0.0	0.1	1.2	1.0	-0.4	0.2
1987
+4.78	+0.43	0.6	0.5	0.2	-1.0	0.1	1.0	0.3	0.0	-0.5	2.6	0.4	0.6
1986
+10.35	+9.06	0.6	1.2	2.1	0.7	-0.4	1.6	1.0	1.7	-0.3	0.8	0.6	0.3
1985
+13.83	+9.68	1.0	-0.5	1.3	1.8	2.6	1.2	0.1	0.8	0.9	1.1	1.2	1.6
1984
+14.01	+9.58	1.4	0.2	-0.1	0.5	-0.9	0.8	2.1	1.1	1.9	2.7	2.0	1.7
1983
+8.00	+4.06	0.6	1.3	-0.2	1.8	-0.4	0.5	-0.5	0.7	2.1	0.7	0.8	0.6
1982
+22.12	+17.62	0.1	0.8	1.1	2.1	1.8	-0.6	3.8	3.1	2.3	3.4	0.6	1.7
1981
+14.26	+4.91	0.7	-0.3	2.7	-1.7	2.0	0.8	-0.7	-0.1	1.5	4.9	5.1	-1.1
1980
+8.81	-3.16	0.0	-4.0	1.4	7.9	3.7	1.3	-0.6	-2.1	-0.4	-0.6	-0.7	3.0
1979
+8.08	-4.57	1.4	0.4	1.1	0.5	1.4	1.9	0.1	-0.2	0.4	-2.6	2.3	1.1
1978
+3.35	-5.18	0.1	0.4	0.4	0.2	0.4	0.0	0.7	0.7	0.3	-0.7	0.7	0.0
1977
+2.91	-3.53	-1.1	0.7	0.6	0.3	0.4	0.7	-0.3	0.4	0.1	-0.2	0.8	0.4