2021
+5.67	-1.33	0.3	-1.7	-0.3	1.4	1.0	0.7	2.7	-0.2	-0.8	1.1	0.9	0.4
2020
+10.84	+9.44	2.1	0.9	-1.8	3.0	0.7	1.0	2.3	0.9	-0.4	-0.7	1.2	1.1
2019
+8.35	+5.95	1.4	-0.2	2.0	0.2	1.8	0.7	0.3	2.3	-1.1	0.0	0.3	0.3
2018
-1.42	-3.28	-0.9	-1.0	1.0	-0.1	0.3	0.6	-0.5	0.6	-1.0	-1.5	0.5	0.5
2017
+2.92	+0.77	0.9	0.4	0.0	0.4	0.0	-0.9	0.5	1.0	-0.7	0.2	0.1	0.9
2016
+4.68	+2.58	1.6	1.2	1.7	0.2	-0.6	2.2	0.6	-0.3	0.8	-0.5	-2.1	0.0
2015
-1.75	-2.38	3.2	-1.3	-0.5	0.7	-1.0	-1.0	0.5	-0.9	-0.5	0.3	-0.1	-1.0
2014
+3.59	+2.92	2.1	0.4	-0.5	1.3	2.0	0.4	-0.1	0.6	-2.6	0.9	0.2	-1.1
2013
-8.49	-9.85	-0.5	0.2	0.2	0.8	-4.2	-3.8	0.9	-1.8	1.8	0.3	-1.1	-1.5
2012
+6.39	+4.55	2.3	-0.6	-0.9	1.8	1.9	-0.7	1.8	-0.2	0.5	0.6	0.6	-0.8
2011
+13.28	+9.91	0.0	0.7	1.2	2.4	0.3	0.7	3.9	0.6	0.0	2.1	0.5	0.2
2010
+6.14	+4.63	1.5	-1.3	0.0	2.5	0.2	1.3	-0.2	1.9	0.8	2.5	-1.7	-1.4
2009
+8.94	+5.96	0.0	-2.2	5.9	-1.8	2.0	0.2	0.1	0.8	2.0	1.1	2.8	-2.1
2008
+0.04	+0.06	3.6	1.4	-0.1	-1.4	0.1	1.8	-0.6	0.8	-4.0	-8.1	0.9	6.5
2007
+11.92	+7.50	0.2	2.0	0.3	0.7	-1.3	-0.2	2.3	0.8	1.3	1.2	4.1	0.1
2006
+0.28	-2.19	0.0	0.0	-2.1	-0.2	0.3	0.4	1.5	1.7	0.1	-0.1	1.1	-2.3
2005
+2.49	-0.82	0.0	-0.5	0.2	1.8	0.8	0.5	-2.5	2.5	-0.2	-1.3	0.2	1.0
2004
+8.28	+4.77	1.2	2.1	1.7	-4.8	2.0	-0.1	0.8	2.7	0.1	1.1	-0.3	1.8
2003
+8.00	+5.85	0.6	3.7	-1.6	-0.3	4.7	-0.9	-4.5	1.7	3.2	0.5	0.1	0.9
2002
+16.61	+13.79	0.6	1.6	-0.6	2.8	1.5	1.3	1.7	3.6	2.5	-2.8	0.0	3.5
2001
+7.61	+5.91	1.9	1.7	0.9	0.6	1.1	-0.1	1.6	0.3	0.5	2.3	-2.3	-1.1
2000
+17.65	+13.75	0.5	2.4	2.7	-0.5	-0.4	2.3	1.0	2.0	-0.1	1.4	2.7	2.2
1999
-4.47	-6.96	0.9	-2.9	0.0	0.5	-1.2	-0.9	-0.5	-0.3	1.2	0.4	-0.5	-1.1
1998
+9.27	+7.54	1.5	-0.4	0.2	0.6	1.2	1.2	0.1	2.3	2.4	-0.8	0.7	-0.2
1997
+12.71	+10.83	-0.3	0.0	-2.2	2.5	1.1	1.6	4.7	-1.7	2.2	2.0	1.1	1.2
1996
+1.33	-1.99	0.1	-3.5	-1.4	-1.3	-0.5	1.8	0.2	-1.2	2.8	3.6	2.8	-1.9
1995
+23.02	+19.98	2.6	2.2	0.8	1.2	5.1	0.8	-0.4	2.0	1.5	1.5	1.8	2.0
1994
-6.25	-8.62	2.6	-3.5	-4.2	-1.6	-0.6	-0.5	3.0	-0.1	-2.9	-0.5	0.4	1.9
1993
+15.75	+12.59	2.3	3.3	0.1	0.8	0.2	3.6	1.5	3.6	0.3	0.2	-1.5	0.4
1992
+8.74	+5.61	-3.4	1.4	-1.3	-0.5	3.0	1.7	3.8	0.9	2.1	-2.4	0.4	2.9