2021
+40.52	+31.21	0.0	3.4	5.1	7.9	0.8	2.6	4.4	2.2	-5.7	7.1	-2.1	9.7
2020
-4.68	-5.88	1.2	-7.0	-19.4	9.0	1.7	2.4	3.6	0.4	-2.7	-3.0	9.7	2.7
2019
+28.87	+26.02	11.9	0.7	4.2	-0.2	0.1	1.5	1.7	3.7	1.9	1.1	-1.3	0.8
2018
-6.02	-7.79	-4.3	-7.7	3.9	0.8	3.7	4.2	0.6	2.6	-2.6	-2.9	4.7	-8.0
2017
+4.91	+2.72	-0.2	3.5	-2.4	0.2	-0.7	2.2	1.2	-0.3	-0.1	-1.1	2.7	-0.1
2016
+8.60	+6.42	-3.4	-0.4	10.5	-2.4	2.2	6.9	4.3	-3.8	-1.8	-5.7	-1.7	4.8
2015
+2.42	+1.77	6.9	-3.7	1.7	-5.8	-0.3	-4.7	5.8	-6.3	3.1	5.8	-0.6	1.8
2014
+30.36	+29.52	4.3	5.1	0.5	3.3	2.4	1.1	0.1	3.0	-6.0	9.9	2.0	1.9
2013
+2.31	+0.78	3.7	1.2	2.9	6.7	-6.0	-2.0	0.9	-7.0	3.5	4.5	-5.3	0.1
2012
+17.63	+15.60	6.4	-1.2	5.2	2.9	-4.5	5.5	2.0	0.0	-1.9	-0.9	-0.3	3.7
2011
+8.62	+5.39	3.3	4.7	-1.6	5.7	1.4	-3.3	1.6	-5.6	-10.8	14.3	-3.8	4.8
2010
+28.37	+26.55	-5.5	5.6	10.2	7.2	-5.3	-5.2	9.6	-1.3	4.4	4.7	-1.9	4.5
2009
+30.08	+26.52	-17.5	-20.5	3.6	30.7	2.6	-3.2	10.8	14.3	6.6	-4.5	6.6	7.4
2008
-37.00	-36.98	-0.8	-3.2	6.5	6.4	-0.2	-10.6	3.1	2.4	-0.1	-31.7	-22.7	16.7
2007
-16.50	-19.80	8.8	-2.7	-2.1	-0.1	-0.4	-9.0	-8.3	6.7	3.9	2.1	-9.5	-5.4
2006
+35.30	+31.97	7.5	1.9	4.7	-3.4	-2.7	4.9	3.9	3.5	2.0	6.0	4.8	-1.8
2005
+11.94	+8.32	-8.6	3.2	-1.7	5.8	3.5	4.6	7.1	-4.1	1.3	-2.9	4.2	0.0
2004
+30.76	+26.53	4.3	1.6	5.4	-14.6	7.1	2.8	0.5	7.8	-0.2	5.4	4.1	4.8
2003
+35.66	+32.95	-2.7	1.7	2.0	4.1	5.5	2.3	5.2	0.7	3.4	1.6	4.3	3.1
2002
+3.75	+1.24	-0.2	2.0	6.2	0.6	1.3	2.8	-5.3	0.2	-3.5	-5.0	4.4	0.8
2001
+12.35	+10.58	0.4	-1.7	0.8	2.3	2.1	5.9	-2.1	3.5	-3.9	-3.4	5.8	2.5
2000
+26.35	+22.15	0.6	-1.5	3.5	6.7	1.0	2.5	8.8	-4.0	2.9	-4.6	1.7	6.9
1999
-4.04	-6.54	-2.4	-1.6	-0.4	9.6	2.1	-1.9	-2.9	-1.0	-4.1	-2.2	-1.5	3.1
1998
-16.32	-17.65	-1.3	-1.6	2.6	-3.4	-0.9	0.0	-6.9	-9.2	6.0	-1.8	1.6	-1.8
1997
+18.77	+16.79	0.2	-0.3	0.4	-3.1	3.0	5.1	2.8	-0.7	9.2	-2.8	1.7	2.5
1996
+33.84	+29.47	1.0	1.2	0.1	-0.1	2.2	1.8	0.4	3.6	2.2	2.5	4.5	10.7
1995
+12.13	+9.36	-2.8	1.7	-0.2	-0.4	4.0	2.1	1.2	0.7	1.7	-3.2	1.2	6.0
1994
-8.40	-10.72	2.2	-0.5	-5.5	-0.3	-0.6	-2.5	0.3	1.7	-3.3	-4.1	-3.4	7.9
1993
+19.67	+16.40	6.4	5.4	8.5	-4.4	-1.6	3.2	1.8	2.5	4.9	-1.9	-5.4	-0.2
1992
+14.58	+11.28	4.9	-2.4	-1.7	-0.4	4.4	-1.3	4.3	0.3	2.1	-0.1	2.1	1.8
1991
+35.69	+31.76	10.9	1.8	8.7	2.5	1.1	-2.8	2.0	-0.4	2.5	-1.1	-0.6	7.2
1990
-15.34	-20.32	-4.2	-0.7	1.0	-1.7	-0.1	1.7	-0.9	-7.2	-7.1	-3.4	7.1	-0.3
1989
+8.84	+4.02	2.2	-0.3	0.5	2.8	0.9	1.9	3.7	0.9	-0.9	-2.6	-0.3	-0.2
1988
+13.47	+8.67	5.5	3.8	0.5	0.7	-1.5	3.5	1.1	-0.5	0.6	-0.4	-2.0	1.8
1987
-3.65	-7.65	5.6	3.6	0.2	-1.2	-0.8	2.8	0.0	-2.4	-0.8	-15.2	2.3	4.0
1986
+19.17	+17.77	4.4	2.1	6.7	-0.2	-1.7	5.1	-0.5	3.3	-0.8	2.3	-0.7	-1.8
1985
+19.07	+14.72	4.9	2.7	1.6	0.9	3.1	2.0	1.9	-2.5	-2.0	2.8	-0.4	2.8
1984
+20.93	+16.23	3.7	0.6	0.1	1.4	-2.0	0.0	-1.7	4.2	7.1	2.1	2.0	2.0
1983
+30.64	+25.87	4.0	-0.6	9.4	6.4	1.3	1.8	-2.4	-0.3	-1.2	3.3	2.1	3.8
1982
+21.60	+17.12	-0.4	-1.8	-1.5	2.8	0.0	-3.8	0.4	3.7	4.6	10.1	3.7	2.6
1981
+6.02	-2.65	2.1	0.9	2.5	1.5	-0.4	2.3	-0.8	-3.8	-6.5	5.1	3.7	-0.3
1980
+24.36	+10.69	7.5	1.2	-12.2	-0.3	5.1	7.0	7.8	3.0	-1.6	10.2	-2.0	-1.6
1979
+35.86	+19.96	3.9	2.1	7.2	0.8	-0.9	9.2	4.3	12.6	-2.3	-10.7	3.5	3.3
1978
+10.34	+1.24	-2.3	1.4	4.8	3.3	-3.0	-0.8	3.3	4.4	0.0	-7.5	3.3	3.7
1977
+22.43	+14.76	5.8	1.0	0.7	1.3	0.3	4.3	0.2	0.2	0.5	0.0	4.5	1.9
1976
+47.56	+40.48	13.7	4.9	0.4	1.9	-2.8	4.0	2.5	3.7	1.0	1.2	3.3	6.6
1975
+19.29	+11.35	14.1	2.4	2.8	2.8	-1.4	6.3	-1.5	-1.5	-6.3	-2.5	1.7	2.3
1974
-21.42	-29.90	4.6	4.3	-2.2	-5.5	-7.0	1.6	-7.7	-7.5	-0.5	4.3	-5.4	-1.6
1973
-15.52	-22.45	1.5	-5.5	2.4	-4.7	-2.8	2.1	3.5	-4.7	6.5	0.9	-14.0	-0.2
1972
+8.01	+4.45	0.0	1.7	-0.3	3.8	-9.4	10.0	5.8	-1.3	3.9	-2.3	-1.3	-1.5