2021
+25.67	+17.34	-0.3	3.1	3.6	5.0	0.5	2.5	1.7	2.9	-4.5	6.7	-1.5	3.8
2020
+21.03	+19.50	-0.1	-8.0	-13.9	13.1	5.4	2.3	5.7	7.1	-3.5	-1.9	11.8	4.7
2019
+30.67	+27.78	8.5	3.6	1.4	3.9	-6.4	7.1	1.4	-2.1	1.8	2.1	3.8	2.8
2018
-5.21	-6.99	5.2	-3.8	-2.0	0.4	2.7	0.7	3.3	3.4	0.2	-7.4	2.0	-9.2
2017
+21.21	+18.68	1.9	3.7	0.1	1.1	1.0	0.9	1.9	0.1	2.4	2.2	3.0	1.2
2016
+12.83	+10.56	-5.7	0.0	7.1	0.7	1.7	0.3	4.0	0.2	0.2	-2.2	4.5	2.0
2015
+0.36	-0.28	-2.7	5.7	-1.2	0.6	1.3	-1.7	1.7	-6.1	-2.9	7.9	0.6	-2.1
2014
+12.54	+11.81	-3.2	4.9	0.5	0.1	2.1	2.6	-2.0	4.2	-2.1	2.7	2.5	0.0
2013
+33.45	+31.46	5.4	1.3	3.9	1.6	2.4	-1.4	5.7	-3.0	3.9	4.3	2.7	2.7
2012
+16.45	+14.44	5.1	4.2	3.1	-0.6	-6.2	4.1	0.9	2.7	2.5	-1.8	0.8	1.3
2011
+0.97	-2.03	2.0	3.7	0.4	2.9	-1.1	-1.8	-2.3	-6.1	-7.6	11.4	-0.4	1.0
2010
+17.42	+15.76	-3.6	3.4	6.4	2.2	-7.9	-5.8	7.0	-4.7	9.5	4.0	0.5	7.0
2009
+28.89	+25.36	-8.0	-10.5	8.3	11.0	5.5	0.4	7.7	3.7	4.1	-2.6	5.7	2.9
2008
-36.98	-36.96	-6.2	-2.5	-0.9	4.9	2.0	-8.1	-0.6	1.5	-9.2	-17.5	-8.0	1.8
2007
+5.37	+1.21	1.9	-1.6	1.1	4.0	3.7	-1.8	-3.5	1.5	3.8	1.8	-4.5	-0.7
2006
+15.69	+12.85	3.2	0.2	2.1	1.0	-3.2	0.1	-0.1	2.3	2.3	3.5	2.3	1.2
2005
+6.31	+2.87	-2.5	2.1	-1.9	-2.2	3.9	0.8	4.4	-1.1	0.8	-2.3	4.6	0.0
2004
+12.79	+9.14	2.6	1.4	-1.0	-2.2	1.5	2.0	-3.6	0.1	1.7	1.8	4.7	3.4
2003
+30.75	+28.14	-2.8	-1.5	0.8	8.6	5.8	1.6	2.3	2.4	-1.1	6.1	1.5	4.0
2002
-20.47	-22.40	-0.9	-1.8	3.7	-4.5	-1.4	-6.9	-8.3	0.8	-10.1	7.5	6.0	-5.1
2001
-10.97	-12.37	3.8	-9.4	-6.7	8.2	1.0	-1.6	-1.7	-6.0	-9.0	2.5	7.6	1.8
2000
-10.57	-13.55	-4.2	2.5	5.7	-5.2	-3.4	4.4	-2.0	7.3	-4.7	-2.0	-9.9	1.8
1999
+23.81	+20.59	3.6	-3.7	3.9	4.7	-2.0	5.2	-3.2	-0.9	-2.4	6.3	3.4	7.6
1998
+23.26	+21.31	0.4	7.3	5.1	1.1	-2.7	3.5	-2.3	-15.7	6.7	7.5	6.2	6.5
1997
+30.99	+28.81	5.5	-0.1	-4.5	4.5	7.1	4.4	7.8	-3.7	5.8	-3.4	3.3	1.7
1996
+20.96	+17.01	2.7	1.6	1.1	2.4	2.7	-0.8	-5.4	3.1	5.4	1.4	6.8	-1.3
1995
+35.79	+32.43	2.2	4.0	2.7	2.5	3.5	3.0	4.0	1.1	3.6	-1.2	4.2	1.5
1994
-0.17	-2.70	3.1	-2.2	-4.4	0.9	1.0	-2.7	3.1	4.4	-1.8	1.6	-3.7	1.2
1993
+10.62	+7.60	1.0	0.5	2.5	-2.8	3.0	0.5	-0.3	3.9	0.0	1.6	-1.6	1.9
1992
+9.11	+5.96	0.0	1.3	-2.4	1.4	0.5	-1.8	3.9	-2.1	1.1	1.2	4.2	1.8
1991
+32.39	+28.56	5.0	6.9	2.9	0.4	4.0	-4.5	4.8	2.7	-1.2	1.7	-3.8	10.6
1990
-6.08	-11.61	-7.0	1.6	2.5	-2.8	8.8	-0.5	-1.1	-9.0	-5.2	-1.2	6.4	3.0
1989
+28.12	+22.44	6.6	-1.8	2.1	4.8	3.9	-0.2	7.6	2.3	-0.2	-2.8	1.6	1.8
1988
+17.32	+12.36	4.4	5.2	-1.4	1.1	-0.1	4.9	-0.6	-2.8	3.7	1.6	-1.6	2.0
1987
+2.61	-1.65	12.9	4.8	2.3	-1.5	0.5	4.2	4.6	3.8	-2.1	-22.3	-7.2	7.3
1986
+14.57	+13.23	0.8	7.1	5.8	-0.8	4.9	1.3	-5.9	6.4	-7.9	4.7	1.4	-2.9
1985
+31.27	+26.48	9.1	1.8	-0.4	-0.2	5.5	1.7	0.0	-0.7	-4.1	4.4	6.8	4.2
1984
+2.19	-1.79	-1.4	-4.0	1.2	0.3	-5.3	2.3	-2.1	11.1	0.0	0.0	-1.3	2.3
1983
+22.66	+18.18	4.1	3.0	3.5	7.4	1.3	3.8	-3.2	0.3	1.7	-2.8	3.0	-1.0
1982
+20.50	+16.06	-2.7	-5.1	-1.0	4.4	-2.8	-2.4	-2.0	11.9	1.7	11.8	5.1	1.5
1981
-4.15	-11.99	-4.1	1.6	4.6	-1.2	1.3	-1.0	-0.3	-5.6	-6.4	5.9	4.6	-2.8
1980
+33.15	+18.51	6.5	0.2	-12.0	5.2	6.0	3.7	6.9	2.3	2.9	2.1	10.6	-3.5
1979
+24.25	+9.71	4.9	-2.7	6.6	0.8	-1.4	4.6	1.5	6.5	0.2	-7.2	6.4	2.8
1978
+8.45	-0.49	-5.6	-1.0	3.4	8.3	2.3	-1.1	5.7	4.2	-0.7	-11.0	3.5	1.7
1977
-3.36	-9.41	-3.7	-1.6	-0.9	0.5	-1.1	5.2	-1.3	-1.4	0.1	-4.0	4.5	0.8
1976
+26.47	+20.41	12.6	0.6	2.7	-1.0	-0.9	4.5	-0.7	-0.2	2.5	-2.1	0.4	6.1
1975
+37.82	+28.65	14.1	5.9	3.1	4.8	5.6	5.2	-6.1	-2.3	-3.8	5.7	3.1	-1.1
1974
-27.81	-35.60	0.2	0.3	-2.3	-4.6	-4.1	-2.2	-7.1	-8.7	-11.1	16.9	-4.1	-2.7
1973
-18.18	-24.90	-2.7	-4.4	-0.7	-5.1	-2.3	-0.8	5.7	-2.9	5.3	0.0	-12.1	1.3
1972
+17.62	+13.75	2.8	3.2	0.9	0.6	1.7	-2.1	-0.4	3.6	-0.7	0.9	5.0	1.1