2021
+26.51	+18.13	-0.8	5.0	6.7	3.4	2.9	-1.2	1.0	2.1	-3.9	5.4	-3.0	6.9
2020
+2.26	+0.97	-2.5	-9.7	-14.9	10.7	2.9	-1.0	3.7	4.2	-2.2	-1.8	12.8	3.5
2019
+25.65	+22.87	7.0	2.9	0.6	3.4	-6.3	7.1	0.8	-3.0	3.5	1.9	3.4	2.6
2018
-5.44	-7.22	4.7	-4.4	-2.4	0.4	0.6	0.2	4.7	1.9	0.6	-5.0	3.3	-9.1
2017
+17.14	+14.70	0.5	3.6	-0.9	0.0	0.1	1.8	1.5	-0.5	3.0	1.8	3.5	1.6
2016
+17.12	+14.76	-4.8	0.1	6.7	1.5	1.1	1.1	2.8	0.7	-0.5	-1.1	6.0	2.7
2015
-0.98	-1.61	-4.1	5.3	-1.3	1.3	1.2	-2.2	1.0	-5.8	-2.5	7.6	0.5	-1.1
2014
+13.17	+12.43	-3.7	4.0	2.7	0.9	1.4	1.9	-1.2	3.4	-1.3	1.8	2.5	0.4
2013
+33.10	+31.11	6.4	1.3	4.0	2.2	2.6	-1.0	5.4	-3.7	2.3	4.6	3.2	2.1
2012
+15.19	+13.20	3.5	3.9	2.8	-0.9	-5.9	4.8	1.2	1.5	2.9	-0.4	-0.7	2.1
2011
+1.11	-1.90	2.9	4.0	0.0	3.0	-1.4	-2.1	-3.5	-5.9	-6.9	10.3	-0.6	2.5
2010
+14.54	+12.92	-2.5	2.6	6.2	1.8	-7.8	-5.2	6.6	-4.2	7.6	2.7	-0.6	8.0
2009
+19.86	+16.58	-11.1	-13.6	8.2	11.0	7.1	-1.1	8.0	5.2	3.2	-2.6	6.1	1.2
2008
-35.87	-35.86	-4.7	-3.9	-0.4	4.3	-0.6	-9.5	-0.2	1.6	-6.9	-16.2	-6.6	1.5
2007
-0.11	-4.05	0.8	-1.6	1.7	4.2	3.6	-2.1	-4.7	1.5	3.6	0.2	-5.0	-1.6
2006
+22.37	+19.36	3.0	0.9	1.6	2.4	-2.4	0.9	2.5	1.7	2.1	3.1	2.1	2.5
2005
+7.22	+3.76	-2.0	3.4	-1.7	-1.6	2.5	1.4	2.6	-0.6	1.7	-2.6	3.5	0.7
2004
+15.26	+11.53	1.6	1.9	-1.4	-2.0	1.0	2.7	-1.4	1.5	1.1	1.4	4.6	3.5
2003
+32.25	+29.61	-2.8	-2.7	-0.2	10.0	7.9	1.3	1.0	1.7	-0.4	5.2	1.3	6.9
2002
-20.88	-22.79	-2.8	-0.9	5.1	-5.0	0.4	-6.3	-10.8	0.7	-11.5	8.4	7.0	-5.2
2001
-11.86	-13.26	4.2	-6.7	-4.0	6.8	1.0	-3.2	-1.7	-5.8	-9.5	0.0	6.3	1.5
2000
+6.09	+2.57	-3.2	-6.3	10.4	-0.7	0.3	-3.9	2.1	6.6	0.0	1.9	-5.1	5.2
1999
+12.58	+9.64	2.0	-2.2	3.0	8.6	-1.8	3.8	-3.1	-2.5	-4.0	5.7	-0.6	3.7
1998
+14.63	+12.82	-1.3	7.5	5.0	1.2	-1.4	0.8	-2.2	-16.1	6.1	7.9	5.2	3.5
1997
+29.78	+27.62	4.6	0.7	-3.5	3.8	6.3	3.8	8.0	-4.5	5.8	-3.7	3.8	2.2
1996
+21.80	+17.82	2.9	0.9	2.3	1.1	1.5	-0.5	-4.3	2.8	4.2	3.4	7.7	-1.7
1995
+37.04	+33.65	2.7	3.9	2.8	3.3	4.4	0.8	3.5	0.8	3.5	-1.6	5.2	2.8
1994
-0.63	-3.14	4.7	-3.6	-4.1	2.1	1.6	-2.6	3.4	2.8	-3.5	2.1	-4.0	1.3
1993
+18.26	+15.02	2.7	3.4	2.8	-0.5	1.9	1.3	1.2	3.9	-0.1	0.5	-1.8	1.7
1992
+15.48	+12.16	0.1	3.4	-0.5	5.7	0.3	-0.5	3.9	-2.8	0.8	-0.7	2.9	2.3
1991
+23.78	+20.20	4.1	6.7	1.8	0.8	4.0	-4.6	3.7	1.5	-0.8	1.7	-5.0	8.6
1990
-7.02	-12.50	-6.6	2.5	0.9	-3.5	8.4	-2.0	-0.1	-8.3	-4.3	-1.2	6.4	2.0
1989
+26.89	+21.26	6.8	-2.0	2.0	4.4	3.5	0.1	6.8	2.6	-0.4	-3.1	1.4	2.5
1988
+20.16	+15.09	5.6	4.3	-2.9	1.9	1.0	5.5	0.2	-2.6	3.5	2.4	-1.2	1.3
1987
+2.11	-2.13	11.8	1.5	2.7	-1.2	0.3	5.1	4.0	3.5	-1.7	-19.2	-6.9	5.7
1986
+19.70	+18.30	0.6	7.4	4.9	-2.6	5.2	1.5	-3.8	9.2	-7.1	5.5	1.9	-3.1
1985
+32.93	+28.08	7.0	2.5	0.8	1.4	5.9	1.6	-1.6	0.3	-3.5	5.6	5.4	4.1
1984
+11.43	+7.10	3.0	-2.6	0.7	0.7	-5.4	1.5	-2.2	11.4	2.1	-0.2	0.2	2.5
1983
+25.44	+20.86	3.9	2.6	3.6	8.2	0.2	1.6	-1.7	3.2	1.0	-0.6	2.3	-1.0
1982
+25.08	+20.47	-1.1	-1.8	1.4	2.9	-2.5	-1.3	-2.8	13.1	0.9	10.8	2.9	1.3
1981
-1.48	-9.54	-2.5	1.4	4.2	-2.3	0.3	1.6	-0.6	-4.4	-4.4	4.0	4.9	-2.9
1980
+31.75	+17.26	7.5	2.0	-11.3	6.0	5.5	3.7	4.0	1.3	1.7	1.8	10.7	-3.2
1979
+23.22	+8.80	5.8	-2.6	6.3	0.6	-1.4	5.6	2.0	5.3	0.8	-6.5	5.2	1.1
1978
+6.37	-2.41	-5.1	0.3	3.5	5.8	0.9	-1.8	4.6	3.7	1.0	-9.4	3.3	0.5
1977
-3.31	-9.36	-1.7	-2.2	-0.8	2.5	-1.1	4.4	-1.5	-3.5	0.5	-3.9	3.6	0.8
1976
+33.32	+26.93	12.8	0.4	2.7	0.3	-0.8	4.7	-0.2	0.6	3.1	-1.5	1.4	6.5
1975
+40.67	+31.31	13.3	3.0	1.6	5.7	6.4	6.4	-4.8	-1.1	-2.8	5.5	2.9	-0.1
1974
-21.13	-29.64	-0.5	1.1	-2.9	-4.6	-3.9	-2.2	-4.2	-7.5	-7.4	14.1	-3.6	-0.2
1973
-9.79	-17.20	-2.0	-4.6	0.5	-3.1	-2.1	-0.7	3.5	-2.5	8.1	-0.3	-10.6	4.6
1972
+15.32	+11.53	1.2	1.7	0.1	0.7	0.6	-3.1	-1.0	6.7	-0.8	1.5	7.2	0.1