2021
+27.34	+18.90	-1.0	0.8	1.8	6.9	-1.4	6.0	3.2	3.7	-5.3	8.3	0.7	1.6
2020
+40.22	+38.45	3.1	-6.5	-10.6	15.1	7.1	4.9	7.6	10.1	-4.7	-3.0	10.4	4.2
2019
+37.03	+34.00	9.2	3.7	3.1	4.7	-6.3	6.8	2.3	-0.6	0.3	2.6	4.0	3.0
2018
-3.31	-5.12	6.8	-2.9	-2.5	0.3	4.4	1.2	2.5	4.7	0.5	-9.1	0.6	-8.4
2017
+27.72	+25.06	3.5	4.4	1.3	2.3	2.8	-0.4	2.5	1.2	1.0	2.9	2.4	0.9
2016
+6.28	+4.14	-6.0	-0.4	7.2	-0.8	2.5	-0.7	4.8	-0.3	0.6	-2.6	1.2	1.2
2015
+3.25	+2.59	-1.5	6.2	-3.9	2.8	1.5	-1.7	3.3	-6.3	-2.9	9.0	0.1	-2.4
2014
+13.61	+12.87	-3.1	5.6	-1.6	0.0	3.6	2.4	-1.6	4.6	-1.8	3.0	3.1	-1.0
2013
+32.48	+30.50	4.4	0.8	3.7	1.6	1.7	-2.1	5.6	-1.9	4.8	4.3	2.4	3.4
2012
+17.02	+14.99	6.3	4.8	3.5	-0.3	-6.3	2.9	1.2	3.4	2.1	-3.1	2.0	0.1
2011
+1.82	-1.21	1.9	2.8	0.3	3.1	-0.7	-1.4	-0.7	-5.7	-7.4	11.6	-0.2	-0.5
2010
+17.21	+15.55	-4.6	3.9	5.9	1.5	-8.3	-5.7	7.5	-4.7	10.8	5.2	1.0	5.5
2009
+36.13	+32.40	-4.9	-7.5	7.9	10.0	4.6	1.2	7.1	2.0	4.3	-1.3	6.0	3.3
2008
-38.02	-38.00	-8.0	-1.1	-1.0	6.0	3.5	-6.7	-1.6	1.2	-11.2	-17.8	-8.7	1.3
2007
+12.52	+8.08	2.6	-1.9	0.5	4.4	3.5	-1.0	-2.1	1.9	4.5	3.0	-3.2	0.1
2006
+9.19	+6.50	2.2	-0.3	1.5	0.0	-3.4	-0.4	-2.2	3.1	2.9	3.3	2.4	0.0
2005
+5.02	+1.63	-3.1	1.4	-1.9	-2.4	5.4	-0.3	4.4	-1.4	0.5	-0.8	4.2	-0.5
2004
+7.20	+3.73	2.2	0.9	-1.6	-1.5	1.9	1.1	-5.5	-0.7	1.3	1.6	3.8	3.7
2003
+25.92	+23.41	-2.6	-0.3	2.0	6.8	3.3	1.2	2.6	2.3	-1.7	6.2	0.9	3.0
2002
-23.68	-25.52	-0.2	-3.0	2.3	-7.2	-2.0	-8.0	-4.7	0.6	-10.4	9.2	4.8	-6.5
2001
-12.93	-14.30	2.8	-11.8	-9.1	8.9	0.2	-1.3	-0.3	-6.7	-6.7	3.6	8.8	0.2
2000
-22.21	-24.79	-6.7	2.1	9.2	-5.0	-4.1	8.2	-4.4	5.8	-9.8	-2.6	-10.7	-4.4
1999
+28.76	+25.40	6.2	-3.9	4.8	-0.2	-2.9	7.3	-3.2	1.3	-1.7	6.9	4.3	7.8
1998
+42.21	+39.96	3.4	6.9	5.1	0.8	-2.0	7.1	0.0	-13.0	6.7	8.4	6.8	7.7
1997
+36.34	+34.07	7.9	0.8	-4.8	8.1	5.9	5.1	7.9	-6.6	5.1	-3.0	5.4	1.2
1996
+23.74	+19.69	3.8	0.9	-0.4	1.9	3.6	1.2	-4.5	1.4	6.9	2.2	7.5	-2.3
1995
+38.06	+34.65	2.5	3.8	3.1	2.7	3.6	3.8	3.2	-0.3	4.9	0.8	3.6	1.2
1994
+2.89	+0.28	2.1	-1.7	-4.7	0.5	1.5	-2.1	3.2	5.3	-1.4	2.3	-3.3	1.7
1993
+1.53	-1.25	-1.2	-0.8	1.4	-4.6	3.6	-0.9	-2.1	3.6	-1.5	3.7	0.0	0.7
1992
+6.61	+3.54	-2.0	0.6	-2.6	0.5	0.9	-2.6	4.3	-1.3	1.6	2.2	4.4	0.6
1991
+44.61	+40.42	5.4	8.0	4.5	0.0	4.3	-4.6	6.0	3.7	-2.0	1.4	-2.1	14.3
1990
+1.54	-4.44	-7.4	0.2	4.1	-0.9	11.1	1.4	-1.2	-9.6	-5.7	0.2	7.5	3.9
1989
+35.83	+29.81	6.6	-2.0	2.7	5.8	5.1	-1.2	10.6	1.4	0.3	-1.7	2.3	1.8
1988
+13.21	+8.43	2.5	5.7	-3.1	-0.6	-0.1	5.0	-1.6	-3.0	5.1	2.2	-1.9	2.7
1987
+6.44	+2.02	14.6	7.3	1.7	-1.8	1.0	5.1	4.8	4.8	-2.8	-22.9	-8.6	8.7
1986
+16.96	+15.59	1.0	8.7	6.3	-0.1	5.7	2.1	-6.9	5.2	-9.8	5.7	2.0	-2.4
1985
+33.57	+28.69	9.7	1.3	-1.0	-1.8	6.4	1.7	0.4	-1.2	-3.6	4.3	8.9	5.3
1984
+1.56	-2.39	-4.0	-4.9	1.9	0.6	-4.6	4.3	-1.2	11.2	-2.1	1.0	-2.1	2.6
1983
+16.92	+12.65	2.9	3.3	2.7	5.8	0.6	5.7	-5.1	-1.1	2.7	-3.3	2.7	-0.6
1982
+20.33	+15.89	-2.4	-6.8	-1.8	5.5	-3.2	-2.3	-1.7	11.7	2.1	12.1	6.0	1.3
1981
-6.20	-13.88	-5.6	3.0	4.5	-2.1	0.5	-2.7	1.1	-6.7	-6.3	8.0	4.1	-2.9
1980
+35.59	+20.68	5.4	-2.9	-9.5	3.7	6.0	3.2	9.3	2.1	4.3	1.7	11.5	-2.2
1979
+17.44	+3.69	3.6	-3.5	5.9	0.2	-1.6	3.5	0.7	6.7	-0.9	-6.8	6.5	2.9
1978
+7.11	-1.72	-6.5	-2.3	2.6	10.7	2.1	-1.5	6.7	3.7	-2.5	-10.0	2.9	2.7
1977
-8.66	-14.37	-6.5	-1.7	-1.5	-1.1	-1.9	5.6	-1.4	0.5	-0.5	-4.2	4.1	0.2
1976
+14.85	+9.34	11.5	-2.2	2.8	-2.3	-1.3	5.3	-1.1	-0.2	1.8	-2.7	-1.0	4.2
1975
+33.10	+24.24	11.3	9.9	3.5	4.7	5.0	3.8	-8.5	-2.9	-4.4	7.4	3.5	-2.4
1974
-32.34	-39.64	-1.6	-1.6	-1.7	-3.5	-1.0	-1.7	-11.5	-9.8	-15.4	22.3	-4.3	-4.1
1973
-23.09	-29.40	-1.9	-2.7	-1.4	-6.4	-0.6	-1.0	5.7	-3.7	0.4	-0.1	-11.3	-2.1
1972
+22.97	+18.92	3.3	4.6	1.6	0.8	3.4	-0.5	1.1	0.7	0.0	0.8	2.3	2.8